0.05183998
0.01732339
0.6965521
0.0008723738
0.0304916
0.06489235
0.7593875
0.8889361
0.01188073
0.01385027
0.007307801
0.01177776
0.01968466
0.02328759
0.01162272
0.01147455
0.01707981
0.03089231
0.000130896
0.9092445
0.01796432
0.01486503
0.03957168
0.04135916
0.006382016
0.02374887
0.01750478
0.01137278
0.00691279
0.004241937
8.041385e-05
0.01537717
0.0008288806
0.9221175
0.0470488
0.06665938
0.0001619067
0.02313102
0.006068363
0.1247103
0.01876193
0.8740938
0.04395028
0.012252
0.03576789
7.461047e-05
0.01553535
0.000928428
0.02341374
0.05482866
8.999759e-12
0.01709527
0.02173269
0.00667198
0.03210319
0.9367516
0.007323409
0.0003600995
0.01295978
0.01901621
0.000278236
0.05443832
3.68168e-12
0.0004442917
0.006341247
0.004222661
0.03297213
0.01248655
0.01357484
0.8057284
0.03072334
0.007558347
7.267928e-05
0.02514786
0.02321921
0.01138969
0.009331626
0.02934917
6.258768e-05
0.03853171
0.04116635
3.510254e-05
0.0001709421
0.0001691503
0.01582465
4.356339e-05
1.010647e-14
0.002283762
1.759624e-10
0.8943113
0.01228766
0.0002283787
0.02638455
0.01557375
0.01401406
0.0081291
4.783194e-05
0.04670071
0.01155115
0.01478588
9.37016e-14
1.077919e-06
0.0001864483
0.004402764
0.0004788639
0.001778653
0.008225272
0.007124691
0.004256526
0.0309856
0.04067537
0.01745746
7.103975e-05
0.006759237
0.01520045
3.935121e-05
0.0001704553
0.0001508765
0.02760162
0.01202714
0.01088738
0.01488806
0.0133824
0.01931056
1.432187e-12
0.04718024
0.000249448
0.02828932
0.006677504
0.01336027
0.01748529
0.003644041
0.01985071
0.01117595
0.0001587475
0.007804046
0.01815128
0.02566036
0.007611906
6.280467e-05
0.01049739
0.02297864
3.449131e-05
0.0161591
0.0003564273
0.02019129
0.01553095
0.01376727
1.31615e-06
0.007682823
0.0004017388
0.03849417
0.01702261
0.01697943
0.002150639
0.01776634
0.01091215
0.01860485
0.003809165
0.000162044
0.01122648
0.003484865
0.03524499
0.03890035
3.092497e-05
3.770482e-05
0.008702988
0.0001683363
0.003982801
0.003801623
0.01651443
0.0001597204
5.598254e-05
0.000448018
0.004371056
0.007320479
0.01046717
5.242001e-05
0.01200105
0.8746929
0.01487397
0.01285612
0.04568006
4.666577e-05
0.01662516
0.01026437
0.0218819
3.648198e-05
0.04392655
0.008138933
0.04269012
0.01055439
0.005438209
0.8299674
0.02373949
0.005763132
2.847514e-05
1.147535e-05
0.0249329
0.9233056
0.001066425
0.007468079
0.01480783
0.002836074
5.150021e-05
0.03754893
0.0003295276
2.705245e-05
0.04157653
0.0002287391
0.002165759
0.001982069
0.01663267
0.03319315
0.002447637
0.002952474
0.03361389
0.7124375
0.01663184
0.05474187
0.001195751
3.866342e-05
0.01813331
0.004382563
0.0102841
0.01034418
0.01483343
0.931806
5.655093e-05
0.008340833
0.01470279
0.4409179
0.05171258
0.01257201
1.085518e-05
0.01591533
0.03094328
0.02815226
0.02208992
0.01628773
0.007132166
0.7127691
0.02089976
1.197112e-05
0.01263427
0.01448944
0.01024334
0.08113362
0.004992817
0.007332556
0.0001990202
8.891624e-05
8.793439e-08
0.7743627
0.01190565
3.157705e-05
0.009826854
0.0105905
0.05367407
0.01523146
5.572651e-15
6.497685e-16
9.210931e-05
9.535518e-07
0.228828
3.225893e-07
0.01458322
0.0001860779
0.0001574722
1.771663e-27
0.0151869
7.386e-38
7.514445e-22
5.082819e-21
2.398554e-20
2.21728e-11
1.76537e-07
0.0002706659
1.51936e-25
0.02068593
0.0004683196
0.02109947
3.266894e-13
0.008578159
2.079331e-08
0.001543776
0.006929931
1.847188e-06
0.0003580996
2.128603e-05
0.01195571
0.0001184254
0.008649401
0.008458356
0.003062691
0.00287667
0.007770226
0.001163467
0.005845522
1.401773e-05
0.04222464
0.001862161
0.002135906
0.002311632
4.550965e-05
0.02115029
0.01743477
0.004661718
0.004280511
3.442842e-05
0.008263537
8.729287e-07
0.006337344
8.675956e-05
0.0001305549
0.02335476
0.0001541087
0.07610898
0.00807008
6.022229e-05
0.0003589829
0.0001088994
0.0005750735
0.001593461
0.005365341
4.868956e-08
0.00562927
0.007678249
0.001133263
0.001439631
0.003987956
0.005134851
0.007102061
0.01064374
0.001915113
0.01067203
5.449077e-05
0.00305644
0.01677184
0.0217081
0.005796524
0.004965379
0.0004189733
0.002292685
0.0002510354
0.008739961
7.621787e-06
1.137364e-05
0.003383141
0.0001393307
0.0114719
0.01357408
0.007172847
9.003802e-05
0.0009054895
0.006260283
0.003200595
0.005896519
0.009519068
0.00754456
0.01613942
0.01193972
3.463956e-06
0.003808259
0.002473838
0.01029551
0.01066309
0.07171375
0.007685252
7.123184e-05
0.004538734
0.007209502
0.02698803
0.01509584
0.007123528
0.02003886
0.003890483
0.00464949
0.0001690249
0.007131768
3.402466e-07
0.007168692
0.009710012
0.0001552936
0.003657346
0.003492994
5.582075e-09
0.003387317
0.008007855
1.83806e-05
0.001950066
3.48125e-05
0.02036085
0.001792876
0.004594295
0.006854078
0.003923588
0.002287955
0.0009332804
0.003500507
0.00632982
0.002680661
0.006703074
0.008053419
0.003175401
3.81076e-08
0.009657245
0.006658118
0.00110038
0.003532741
0.01198123
0.01412281
0.002794946
0.003289904
8.435465e-06
2.807974e-21
0.006322631
0.01222482
0.004757468
3.558278e-05
1.829752e-05
6.786173e-18
0.001466833
0.01169531
0.0002008758
0.01808245
0.005269005
0.01155838
0.003478751
0.0001248289
0.007239031
0.0001504554
0.006495942
0.005510041
0.004023217
0.004594806
0.006859208
0.006848687
2.427222e-05
0.002749814
7.895064e-05
0.006467601
0.005634531
7.157553e-05
0.01606771
0.007426693
0.006996901
0.0001160846
0.004681403
0.002700912
0.00416998
0.006716596
0.007418175
5.592343e-05
0.01172017
5.029374e-05
0.001761881
0.008907531
0.0008722313
0.0001302271
7.699935e-05
6.198302e-05
0.005664074
0.002086694
0.0307382
0.005613887
0.00183511
0.006466491
0.0003665273
0.001776152
8.82364e-10
0.0001146702
0.005800455
0.009403175
0.0002072052
0.00441973
0.002631266
0.004549568
0.005817964
0.005191973
0.0002612341
9.805592e-05
0.009269708
1.319429e-09
0.007776196
5.032458e-05
0.00825215
2.515992e-12
0.003635309
0.008173073
4.715999e-05
9.582711e-05
0.0001406245
9.297418e-05
0.0006518792
0.001685627
1.469303e-07
0.003272324
0.009711653
0.002707161
0.0005552617
0.001753321
0.009566452
0.008625656
0.01143931
0.01387602
0.003979728
0.007828462
0.005583743
0.001175234
0.01062177
0.006348114
5.305512e-05
0.005103987
0.004213116
7.415663e-05
0.0111032
0.00517595
5.548995e-05
0.002698901
5.49737e-06
0.004514638
0.005743968
0.01555213
0.005225742
8.945241e-07
0.0004546506
0.005848365
0.01473196
2.908224e-05
0.005242252
0.004095113
0.0135969
0.0001513399
0.0007401078
0.007105342
0.005883872
4.113191e-12
0.009848182
0.006448454
0.002340388
6.463963e-05
2.845682e-05
0.0003486128
1.548884e-05
0.006806178
0.0001180902
0.01341676
0.0001597483
0.005275275
0.0181459
0.002042971
0.02528698
0.03775214
0.01649241
0.0209917
0.01868302
0.02513856
0.059319
0.01115108
0.0006201006
0.01478027
0.01503621
0.03521659
0.06990871
0.02357316
0.06286376
0.01339021
0.02965551
0.04006565
0.03694014
0.01307471
0.01730512
0.001269058
0.001791752
0.02611853
0.02998373
0.04336116
0.1374226
0.02536889
0.0006852582
0.02211047
0.01795576
0.04686887
0.01201665
0.02201593
0.08956456
0.069013
0.01956757
0.01706029
0.04825561
0.01676515
0.01619969
0.001602443
0.01254897
2.736117e-05
0.09857753
0.04648675
0.009918856
0.04589215
0.01788697
8.105644e-05
8.00434e-05
0.04010114
0.02597736
0.02070908
0.01232472
0.0330493
0.08095555
0.05281096
0.02744437
2.589846e-06
0.01437111
0.1657243
0.000601718
0.03419998
0.000122326
0.02580675
0.01948108
0.01942559
0.01894199
0.03218848
0.05652401
0.008613221
0.05903145
0.01053836
0.01308864
0.01020321
0.03646603
0.03820731
0.009807566
0.01020339
0.02814848
0.01816492
0.05111378
0.0133003
0.01814848
0.1541263
0.001560284
0.0008044937
0.01661146
0.04612607
0.01235022
0.04884208
0.02173803
0.009486843
0.04005765
0.0162356
0.02065027
5.646155e-08
0.02452217
0.06618181
0.007711784
0.01794077
0.0006023452
0.09575081
0.03653103
0.04100641
0.04220611
0.01457765
0.009888288
0.008679715
0.150018
0.004693413
0.03845235
0.04538222
0.02147978
5.574855e-08
0.01361791
0.01349158
0.018579
0.00518302
0.07839894
0.03767667
0.05096894
0.0003276915
0.02253525
0.008733553
0.03659482
0.0227436
0.03143643
0.0208577
0.08780929
0.02307849
0.02403041
0.01907609
0.04775425
0.02892627
0.03289562
0.03842185
0.008761751
0.01511273
0.01611489
0.9984711
0.01949124
0.000608962
0.01233548
0.0277723
0.002670103
0.01398695
0.0002276072
0.02986597
0.01472372
0.03421026
0.01680433
0.1170209
0.02266949
0.03964325
0.00697122
0.01329451
0.03911237
0.0152335
0.02082412
0.02411795
0.03213788
0.02553873
0.02385008
0.02824834
0.004713383
0.0821071
0.02224172
0.0110943
0.000167635
0.0503203
0.0336204
0.01808837
1.536742e-06
0.03758751
8.107052e-06
0.01675917
0.07430206
0.0395613
0.01526344
0.01439701
0.02023947
0.06307566
0.02875412
0.06075813
0.0492864
0.07856372
0.0252207
0.01251167
0.05804965
0.0004348013
0.01750311
0.01130328
0.02097303
0.02642205
0.01696893
0.01940019
0.06330273
0.03598255
3.104547e-07
0.02009854
0.002117789
0.01180591
0.01032913
0.01606108
0.01528824
0.03329447
0.03593453
0.01715994
0.01634812
0.02412407
0.05073257
0.0573502
0.003153149
0.03321154
0.03540938
0.04049192
0.000648936
0.02293553
0.01670227
0.03038156
0.06202835
0.08001045
0.05373457
4.33986e-05
0.01225933
0.03994305
0.02683935
0.03104412
0.00988406
0.08728796
0.04110276
0.01161964
1.47374e-05
2.851722e-06
0.01989889
0.004672977
0.01062472
0.04833696
0.06694148
0.01020094
0.01334674
0.06027233
0.02338816
0.2511136
0.02102125
0.01147373
0.02662577
0.01100642
0.01999329
0.01110967
0.01647387
0.01110009
0.0216188
0.02307487
0.8790575
0.03749755
0.03287791
0.0002511606
0.01139523
0.03978955
0.007547941
9.673317e-08
0.0189516
0.01300657
0.03661852
0.01491612
0.02818695
