0.7401683
0.7479383
0.7600561
0.758906
0.7580926
0.7587377
0.7587377
0.7593548
0.7207854
0.7269004
0.7350351
0.7473212
0.7520337
0.7502384
0.7495933
0.7502384
0.7117812
0.716662
0.721683
0.7317812
0.7356522
0.7375596
0.7403366
0.7436466
0.6999439
0.701122
0.7000281
0.7034502
0.7036746
0.703899
0.7040673
0.7059467
0.7096494
0.708331
0.7078822
0.7082749
0.7072651
0.7065358
0.7083029
0.7087798
0.6131557
0.6124825
0.6130715
0.6150631
0.6135764
0.6118093
0.6129593
0.6140813
0.7732679
0.7779804
0.7853296
0.7837588
0.7819074
0.7799439
0.7803086
0.7782889
0.7569425
0.7578121
0.7636746
0.7700421
0.7715568
0.7729874
0.7712482
0.7703506
0.7490603
0.7495091
0.753885
0.7592146
0.7631417
0.7628331
0.7650771
0.7652735
0.7484993
0.7483871
0.7481066
0.7497896
0.7498457
0.751136
0.7510799
0.7501823
0.7800281
0.7790463
0.7786255
0.7806171
0.7793548
0.7807013
0.7790182
0.7789902
0.5771108
0.5767461
0.57669
0.5771388
0.5778401
0.5772791
0.5776157
0.5772511
0.8576157
0.8563254
0.8557644
0.8472931
0.8436466
0.8403927
0.8380645
0.8342496
0.8543338
0.8533801
0.8511921
0.8473773
0.8439832
0.8426367
0.8393829
0.837195
0.8526508
0.852202
0.8530435
0.8489762
0.8470126
0.8456942
0.8432819
0.8398597
0.8478541
0.8478541
0.8482468
0.8499299
0.8498177
0.8488079
0.8469285
0.8473212
0.7624123
0.7591865
0.7588499
0.7631697
0.767237
0.7656942
0.7659748
0.7657223
0.5490323
0.5490884
0.5493689
0.5492567
0.5495652
0.5492847
0.5493969
0.5493969
0.8820757
0.8831136
0.8821879
0.8739691
0.8686115
0.8660028
0.8639832
0.8594109
0.8791024
0.878317
0.8761851
0.8737167
0.8728471
0.8676017
0.8663394
0.8631697
0.8754278
0.8748107
0.8778401
0.8739691
0.871136
0.8710799
0.8695372
0.8669004
0.8208696
0.8244039
0.8252454
0.8279102
0.8281627
0.8284151
0.8290042
0.830547
0.7275456
0.7257504
0.7262553
0.7307433
0.7315849
0.7320617
0.7310799
0.7319495
0.5469004
0.5473212
0.5475175
0.5469565
0.5471248
0.5478541
0.5478822
0.5474614
0.8991585
0.8998878
0.8998317
0.8964656
0.8928471
0.8907153
0.8867321
0.8835624
0.8920056
0.8918373
0.8921739
0.8928471
0.8926508
0.8927069
0.8893408
0.886115
0.8832539
0.8830856
0.884993
0.8892286
0.8894811
0.8889201
0.8881627
0.8852735
0.7941374
0.7962973
0.7970827
0.8017672
0.803871
0.8060589
0.8086115
0.8084151
0.708892
0.7081346
0.7090603
0.7141374
0.7143338
0.714446
0.7153717
0.7167461
0.5594109
0.5586816
0.5578682
0.557195
0.55669
0.5561571
0.5562132
0.5560168
0.8996914
0.9007574
0.9
0.8982328
0.8953156
0.8919495
0.8904909
0.8863114
0.889453
0.8904909
0.8951473
0.8956241
0.8947546
0.8945302
0.8912202
0.8893408
0.8795512
0.8804488
0.8846564
0.8893969
0.8899579
0.890014
0.8887798
0.8872651
0.7962412
0.8002805
0.8012903
0.8043198
0.806087
0.8099018
0.8108836
0.8128752
0.7146985
0.7136045
0.7135764
0.7184572
0.7169144
0.718345
0.7198878
0.7208135
0.561655
0.5610659
0.5600561
0.5607013
0.5592707
0.5608696
0.5598878
0.5601403
0.8979243
0.9019916
0.9000842
0.8987938
0.8985694
0.8955119
0.8918373
0.8898457
0.8876858
0.889453
0.8923983
0.8958205
0.8954558
0.8943338
0.8935484
0.8891725
0.8756522
0.8802244
0.8829173
0.8878261
0.8896774
0.8907433
0.8882468
0.888359
0.7970547
0.8026928
0.804993
0.8092567
0.8110799
0.8132398
0.8151192
0.8143899
0.7281627
0.7307433
0.7306031
0.7313324
0.7321739
0.7321178
0.731669
0.7327349
0.5832819
0.5814306
0.5826928
0.5790743
0.5790463
0.5776438
0.5786255
0.5774755
